#' Advent of Code 2020 solutions
#' @export
aoc20_solutions <- list(
  day01a = 996075,
  day01b = 51810360,
  day02a = 500,
  day02b = 313,
  day03a = 286,
  day03b = 3638606400,
  day04a = 226,
  day04b = 160,
  day05a = 911,
  day05b = 629,
  day06a = 6506,
  day06b = 3243,
  day07a = 289,
  day07b = 30055,
  day08a = 2080,
  day08b = 2477,
  day09a = 70639851,
  day09b = 8249240,
  day10a = 1914,
  day10b = 9256148959232,
  day11a = 2329,
  day11b = 2138,
  day12a = 1319,
  day12b = NA,
  day13a = NA,
  day13b = NA,
  day14a = NA,
  day14b = NA,
  day15a = NA,
  day15b = NA,
  day16a = NA,
  day16b = NA,
  day17a = NA,
  day17b = NA,
  day18a = NA,
  day18b = NA,
  day19a = NA,
  day19b = NA,
  day20a = NA,
  day20b = NA,
  day21a = NA,
  day21b = NA,
  day22a = NA,
  day22b = NA,
  day23a = NA,
  day23b = NA,
  day24a = NA,
  day24b = NA,
  day25a = NA,
  day25b = NA
)
