#' Advent of Code 2020 solutions
#' @export
aoc20_solutions <- list(
  day01a = 996075,
  day01b = 51810360,
  day02a = 500,
  day02b = 313,
  day03a = 286,
  day03b = 3638606400,
  day04a = 226,
  day04b = 160,
  day05a = NA,
  day05b = NA,
  day06a = NA,
  day06b = NA,
  day07a = NA,
  day07b = NA,
  day08a = NA,
  day08b = NA,
  day09a = NA,
  day09b = NA,
  day10a = NA,
  day10b = NA,
  day11a = NA,
  day11b = NA,
  day12a = NA,
  day12b = NA,
  day13a = NA,
  day13b = NA,
  day14a = NA,
  day14b = NA,
  day15a = NA,
  day15b = NA,
  day16a = NA,
  day16b = NA,
  day17a = NA,
  day17b = NA,
  day18a = NA,
  day18b = NA,
  day19a = NA,
  day19b = NA,
  day20a = NA,
  day20b = NA,
  day21a = NA,
  day21b = NA,
  day22a = NA,
  day22b = NA,
  day23a = NA,
  day23b = NA,
  day24a = NA,
  day24b = NA,
  day25a = NA,
  day25b = NA
)
