#' Advent of Code 2020 solutions
#' @export
aoc20_solutions <- list(
  day01a = 996075,
  day01b = 51810360,
  day02a = 500,
  day02b = 313,
  day03a = 286,
  day03b = 3638606400,
  day04a = 226,
  day04b = 160,
  day05a = 911,
  day05b = 629,
  day06a = 6506,
  day06b = 3243,
  day07a = 289,
  day07b = 30055,
  day08a = 2080,
  day08b = 2477,
  day09a = 70639851,
  day09b = 8249240,
  day10a = 1914,
  day10b = 9256148959232,
  day11a = 2329,
  day11b = 2138,
  day12a = 1319,
  day12b = 62434,
  day13a = 4808,
  day13b = 741745043105674,
  day14a = 3059488894985,
  day14b = 2900994392308,
  day15a = 870L,
  day15b = 9136L,
  day16a = 32835,
  day16b = 514662805187,
  day17a = 448,
  day17b = 2400,
  day18a = 69490582260,
  day18b = 362464596624526,
  day19a = 203,
  day19b = NA,
  day20a = 84116744709593,
  day20b = NA,
  day21a = 1945,
  day21b = "pgnpx,srmsh,ksdgk,dskjpq,nvbrx,khqsk,zbkbgp,xzb",
  day22a = 32629,
  day22b = 32519,
  day23a = 89372645,
  day23b = NA,
  day24a = NA,
  day24b = NA,
  day25a = NA,
  day25b = NA
)
